0
 1
 -4307.5
 -4674.2
1
 1
 -1212.2
 -573.7
1
 2
 -924.7
 -415.9
1
 3
 -737.8
 -327.9
1
 4
 -684.5
 -332.6
1
 5
 -713.6
 -324.9
2
 1
 15.7
 4.6
2
 2
 -25.0
 -5.2
2
 3
 49.6
 22.8
2
 4
 83.3
 18.1
2
 5
 11.0
 -4.8
2
 6
 31.2
 7.9
2
 7
 16.2
 5.1
2
 8
 5.0
 3.4
2
 9
 11.7
 -4.2
2
 10
 34.3
 4.4
2
 11
 -24.3
 -4.6
2
 12
 3.1
 0.8
2
 13
 -45.1
 -11.3
3
 1
 2.9
 0.4
3
 2
 38.2
 4.8
3
 3
 1.0
 0.1
3
 4
 35.2
 4.4
3
 5
 -2.0
 -0.3
3
 6
 7.9
 1.0
3
 7
 -3.7
 -0.5
3
 8
 2.4
 0.3
3
 9
 4.2
 0.5
3
 10
 -20.5
 -2.6
3
 11
 -10.1
 -1.3
3
 12
 -8.1
 -1.0
3
 13
 -28.3
 -3.5
3
 14
 -12.9
 -1.6
3
 15
 6.0
 0.7
